tt =

   180   180   180   180   180   180   180   180   180
   180   180   180   180   180   180   180   180   180
   180   180   180   180   180   180   180   180   180
   180   180   180   180   180   180   180   180   180
   180   180   180   180   180   180   180   180   180
   180   180   180   180   180   180   180   180   180
   180   180   180   180   180   180   180   180   180
   180   180   180   180   180   180   180   180   180
   180   180   180   180   180   180   180   180   180
   180   180   180   180   180   180   180   180   180
   180   180   180   180   180   180   180   180   180
   180   180   180   180   180   180   180   180   180
   180   180   180   180   180   180   180   180   180
   180   180   180   180   180   180   180   180   180
   180   180   180   180   180   180   180   180   180
   180   180   180   180   180   180   180   180   180
   180   180   180   180   180   180   180   180   180
   180   180   180   180   180   180   180   180   180
   180   180   180   180   180   180   180   180   180

>> rr

rr =

   1.0e-25 *

    0.0000    0.0002    0.0000    0.0000    0.0000    0.0000    0.0000    0.0000    0.0000
    0.0000    0.0000    0.0002    0.0017    0.0001    0.0001    0.0000    0.0000    0.0000
    0.0000    0.0000    0.0000    0.0001    0.0004    0.0146    0.0005    0.0002    0.0001
    0.0000    0.0000    0.0000    0.0000    0.0000    0.0002    0.0009    0.7275    0.0023
    0.0000    0.0000    0.0000    0.0000    0.0000    0.0000    0.0001    0.0003    0.0009
    0.0000    0.0000    0.0000    0.0000    0.0000    0.0000    0.0001    0.0001    0.0002
    0.0000    0.0000    0.0000    0.0000    0.0000    0.0000    0.0000    0.0001    0.0001
    0.0000    0.0000    0.0000    0.0000    0.0000    0.0000    0.0000    0.0000    0.0001
    0.0000    0.0000    0.0000    0.0000    0.0000    0.0000    0.0000    0.0000    0.0000
    0.0000    0.0000    0.0000    0.0000    0.0000    0.0000    0.0000    0.0000    0.0000
    0.0000    0.0000    0.0000    0.0000    0.0000    0.0000    0.0000    0.0000    0.0000
    0.0000    0.0000    0.0000    0.0000    0.0000    0.0000    0.0000    0.0000    0.0000
    0.0000    0.0000    0.0000    0.0000    0.0000    0.0000    0.0000    0.0000    0.0000
    0.0000    0.0000    0.0000    0.0000    0.0000    0.0000    0.0000    0.0000    0.0000
    0.0000    0.0000    0.0000    0.0000    0.0000    0.0000    0.0000    0.0000    0.0000
    0.0000    0.0000    0.0000    0.0000    0.0000    0.0000    0.0000    0.0000    0.0000
    0.0000    0.0000    0.0000    0.0000    0.0000    0.0000    0.0000    0.0000    0.0000
    0.0000    0.0000    0.0000    0.0000    0.0000    0.0000    0.0000    0.0000    0.0000
    0.0000    0.0000    0.0000    0.0000    0.0000    0.0000    0.0000    0.0000    0.0000