tt =

    8.9230    8.3234    8.2746    8.2783    8.2931    8.3125    8.3314    8.3514    8.3682
    9.3246    8.4507    8.1683    8.0673    8.0379    8.0378    8.0503    8.0658    8.0812
   10.2013    8.8985    8.4211    8.2001    8.0995    8.0580    8.0462    8.0470    8.0531
   10.9865    9.3569    8.7244    8.4115    8.2500    8.1675    8.1287    8.1115    8.1053
   11.5669    9.7269    8.9874    8.6113    8.4073    8.2948    8.2350    8.2022    8.1853
   12.0000   10.0115    9.1968    8.7758    8.5438    8.4131    8.3400    8.2976    8.2731
   12.3403   10.2334    9.3604    8.9065    8.6567    8.5166    8.4373    8.3901    8.3620
   12.6184   10.4100    9.4874    9.0091    8.7495    8.6070    8.5267    8.4794    8.4506
   12.8508   10.5524    9.5853    9.0914    8.8306    8.6905    8.6134    8.5686    8.5414
   13.0481   10.6651    9.6590    9.1614    8.9073    8.7747    8.7035    8.6632    8.6391
   13.2161   10.7475    9.7146    9.2273    8.9889    8.8684    8.8054    8.7706    8.7504
   13.3536   10.7958    9.7606    9.3014    9.0874    8.9827    8.9298         0    8.8850
   13.4490   10.8124    9.8142    9.4026    9.2195    9.1334    9.0910    9.0689    9.0567
   13.4707   10.8125    9.9044    9.5571    9.4107    9.3448    9.3130    9.2971    9.2884
   13.3807   10.8478   10.0852    9.8148    9.7072    9.6607    9.6392    9.6286    9.6232
   13.2124   11.0402   10.4643   10.2759   10.2052   10.1762   10.1632   10.1575   10.1541
   13.2834   11.6880   11.3138   11.2025   11.1633   11.1485   11.1416   11.1391   11.1372
   14.8089   13.8704   13.6816   13.6317   13.6153   13.6094   13.6072   13.6066         0
   23.2355   22.8483         0   22.7719   22.7675   22.7668   22.7659   22.7661   22.7656

>> rr

rr =

   1.0e-26 *

    0.0000    0.0000    0.0001    0.0000    0.0001    0.0000    0.0000    0.0001    0.0001
    0.0008    0.0004    0.0000    0.0002    0.0000    0.0000    0.0000    0.0003    0.0001
    0.0001    0.0001    0.0174    0.0008    0.0003    0.0000    0.0000    0.0008    0.0001
    0.0000    0.0000    0.0000    0.0083    0.0019    0.0002    0.0000    0.0000    0.0000
    0.0000    0.0001    0.0003    0.0007    0.0097    0.0000    0.0000    0.0002    0.0001
    0.0000    0.0000    0.0000    0.0000    0.0230    0.0000    0.0003    0.0005    0.0000
    0.0000    0.0000    0.0000    0.0000    0.0008    0.0053    0.0000    0.0018    0.0012
    0.0000    0.0000    0.0000    0.0003    0.0000    0.0007    0.0004    0.0003    0.0002
    0.0000    0.0000    0.0000    0.0004    0.0011    0.3372    0.0012    0.0001    0.0013
    0.0000    0.0000    0.0001    0.0000    0.0031    0.0059    0.0010    0.0008    0.0008
    0.0000    0.0000    0.0000    0.0001    0.0101    0.0539    0.0021    0.0012    0.0000
    0.0000    0.0000    0.0000    0.0000    0.0063    0.0100    0.0002         0    0.0009
    0.0000    0.0000    0.0001    0.0002    0.2186    0.0002    0.0000    0.0078    0.0004
    0.0000    0.0001    0.0004    0.0090    0.0127    0.0005    0.0008    0.0000    0.0021
    0.0000    0.0000    0.0006    0.2952    0.0029    0.0023    0.0013    0.0001    0.0001
    0.0000    0.0000    0.0002    0.0086    0.0002    0.0000    0.0010    0.0086    0.0044
    0.0000    0.0007    0.0004    0.0003    0.0001    0.0013    0.0020    0.0000    0.0003
    0.0027    0.0003    0.0009    0.0002    0.0007    0.0003    0.0041    0.0000         0
    0.0000    0.0001         0    0.0004    0.0000    0.0000    0.0000    0.0001    0.0000