tt =

    6.1249    6.5529    6.6817    6.7416    6.7739    6.7916    6.8004    6.8042    6.8050
    5.7573    6.2551    6.4719    6.5887    6.6565    6.6975    6.7213    6.7353    6.7431
    5.4660    6.0400    6.2943    6.4395    6.5289    6.5862    6.6212    6.6433    6.6567
    5.2908    5.9079    6.1834    6.3416    6.4418    6.5071    6.5481    6.5746    6.5912
    5.1795    5.8246    6.1138    6.2803    6.3856    6.4534    6.4960    6.5235    6.5412
    5.0997    5.7677    6.0689    6.2428    6.3509    6.4181    6.4595    6.4858    6.5025
    5.0364    5.7252    6.0384    6.2193    6.3284    6.3934    6.4318    6.4555    6.4703
    4.9854    5.6922    6.0187    6.2052    6.3131    6.3744    6.4089    6.4292    6.4416
    4.9424    5.6669    6.0075    6.1968    6.3007    6.3564    6.3863    6.4030    6.4129
    4.9064    5.6505    6.0047    6.1921    6.2882    6.3367    6.3614    6.3746    6.3819
    4.8764    5.6449    6.0085    6.1869    6.2714    6.3113    6.3306    6.3403    6.3454
    4.8539    5.6536    6.0166    6.1773    6.2468    6.2775    6.2915    6.2981    6.3014
    4.8448    5.6791    6.0226    6.1565    6.2090    6.2303    6.2393    6.2432    6.2451
    4.8644    5.7174    6.0154    6.1158    6.1509    6.1639    6.1688    6.1707    6.1716
    4.9373    5.7508    5.9772    6.0417    6.0616    6.0680    6.0700    6.0707    6.0709
    5.0752    5.7418    5.8824    5.9152    5.9234    5.9253    5.9258    5.9258    5.9256
    5.2135    5.6253    5.6872    5.6978    5.6992    5.6992    5.6987    5.6986    5.6983
    5.1311    5.2793    5.2917    5.2918    5.2909    5.2902    5.2899    5.2897    5.2896
    1.6235    1.6473    1.6474    1.6467    1.6462    1.6460    1.6458    1.6458    1.6457

>> rr

rr =

   1.0e-26 *

    0.0009    0.0003    0.0003    0.0000    0.0001    0.0000    0.0000    0.0001    0.0001
    0.0000    0.0000    0.0031    0.0007    0.0002    0.0006    0.0001    0.0000    0.0001
    0.0000    0.0000    0.0001    0.0008    0.0069    0.0018    0.0010    0.0007    0.0001
    0.0000    0.0000    0.0000    0.0000    0.0008    0.1532    0.0015    0.0028    0.0001
    0.0000    0.0000    0.0000    0.0000    0.0001    0.0006    0.0051    0.0006    0.0000
    0.0000    0.0000    0.0000    0.0000    0.0005    0.0001    0.0016    0.0415    0.1202
    0.0000    0.0000    0.0000    0.0001    0.0000    0.0008    0.0004    0.0003    0.0003
    0.0000    0.0000    0.0000    0.0001    0.0000    0.0000    0.0001    0.0004    0.0003
    0.0000    0.0000    0.0001    0.0000    0.0000    0.0002    0.0011    0.0000    0.0004
    0.0000    0.0000    0.0000    0.0001    0.0001    0.0000    0.0000    0.0002    0.0001
    0.0000    0.0000    0.0000    0.0000    0.0002    0.0000    0.0001    0.0001    0.0001
    0.0000    0.0000    0.0001    0.0000    0.0000    0.0000    0.0000    0.0000    0.0008
    0.0000    0.0000    0.0000    0.0000    0.0000    0.0000    0.0000    0.0005    0.0000
    0.0000    0.0000    0.0000    0.0002    0.0000    0.0000    0.0003    0.0000    0.0000
    0.0000    0.0000    0.0000    0.0001    0.0001    0.0000    0.0000    0.0002    0.0004
    0.0000    0.0001    0.0000    0.0000    0.0001    0.0000    0.0004    0.0001    0.0005
    0.0000    0.0000    0.0000    0.0000    0.0000    0.0000    0.0000    0.0001    0.0000
    0.0000    0.0001    0.0003    0.0000    0.0000    0.0001    0.0000    0.0000    0.0001
    0.0000    0.0000    0.0000    0.0000    0.0000    0.0000    0.0000    0.0000    0.0000
